3.5
3.6
4.9
0.0
4.8
5.0
4.0
4.2
5.0
5.0
3.3
4.8
3.7
4.3
4.0
0.0
4.2
4.5
4.0
4.1
4.0
4.0
4.4
nan
3.6
5.0
nan
0.0
4.8
4.8
4.9
0.0
2.4
0
3.5
5.0
5.0
5.0
3.5
5.0
5.0
0
4.4
2.3
4.4
4.5
4.2
5.0
4.3
4.5
4.3
0
4.1
4.7
5.0
4.4
4.9
4.3
4.7
4.1
0.0
5.0
4.3
5.0
5.0
0.0
4.5
4.7
3.9
5.0
4.9
5.0
3.9
0.0
5.0
4.0
0.0
5.0
4.7
4.8
4.8
4.2
4.1
4.1
4.8
5.0
5.0
0
3.1
nan
4.3
5.0
4.0
4.7
4.5
4.2
5.0
4.3
3.8
2.8
4.4
4.8
4.6
4.4
5.0
0.0
5.0
4.6
4.9
nan
4.5
5.0
3.7
0.0
3.6
5.0
5.0
3.6
3.5
4.0
0.0
4.6
4.5
3.5
4.1
0.0
4.1
4.4
4.3
0.0
4.9
0.0
4.2
3.1
3.7
nan
2.3
0.0
5.0
5.0
4.6
4.7
0
4.9
5.0
4.7
0.0
4.5
0.0
0
5.0
5.0
5.0
4.4
0.0
3.9
3.6
nan
0.0
0.0
4.0
0
0.0
4.0
0.0
3.2
3.7
4.4
4.5
4.5
4.4
3.7
4.5
4.0
4.2
3.6
3.8
3.0
5.0
3.7
5.0
3.3
3.2
nan
3.6
4.4
4.0
4.6
4.8
4.6
2.3
5.0
4.4
4.4
4.3
5.0
5.0
3.3
0.0
3.8
0.0
4.0
4.4
4.5
5.0
4.9
4.5
4.8
4.3
4.9
5.0
0.0
0.0
3.9
3.8
4.1
4.8
nan
5.0
5.0
0.0
3.7
4.3
4.4
5.0
2.4
3.8
5.0
5.0
4.6
5.0
4.3
2.2
3.9
3.5
3.8
5.0
2.8
5.0
5.0
5.0
0.0
0
0.0
4.4
0.0
4.4
4.8
3.7
4.6
5.0
0
4.6
5.0
5.0
nan
0.0
0.0
nan
5.0
5.0
3.8
5.0
5.0
0.0
4.1
4.6
5.0
4.0
3.0
3.3
5.0
4.2
5.0
0.0
5.0
0.0
5.0
5.0
5.0
4.8
4.5
5.0
4.9
nan
5.0
0.0
0.0
3.8
5.0
4.5
5.0
0.0
5.0